              precision    recall  f1-score   support

           0     0.9242    0.9867    0.9544      5804
           1     0.0000    0.0000    0.0000        86
           2     0.6061    0.5405    0.5714       111
           3     0.6753    0.4771    0.5591       109
           4     0.5000    0.0380    0.0706        79
           5     0.6000    0.2308    0.3333       130
           6     1.0000    0.0179    0.0351       112

    accuracy                         0.9134      6431
   macro avg     0.6151    0.3273    0.3606      6431
weighted avg     0.8916    0.9134    0.8889      6431
